  35.41000      44.66000    303.54    0.00       0.00000       0.00000      11.59648       0.00000
  35.41000      44.66000    303.54    1.42       0.00000       0.00000      11.59648       0.01693
  35.41000      44.66000    303.54    2.95       0.00000       0.00000      11.64181       0.01899
  35.41000      44.66000    303.54    4.17       0.00000       0.00000      11.68716       0.01331
  35.41000      44.66000    303.54    6.34       0.00000       0.00000      11.72676       0.01798
  35.41000      44.66000    303.54    7.86       0.00000       0.00000      11.77777       0.01693
  35.41000      44.66000    303.54    9.40       0.00000       0.00000      11.82310       0.03072
  35.41000      44.66000    303.54    9.98       0.00000       0.00000      11.87987       0.02726
  35.41000      44.66000    303.54    10.87       0.00000       0.00000      11.94798       0.03978
  35.41000      44.66000    303.54    11.43       0.00000       0.00000      12.03885       0.03692
  35.41000      44.66000    303.54    11.99       0.00000       0.00000      12.11834       0.04163
  35.41000      44.66000    303.54    12.82       0.00000       0.00000      12.26601       0.06999
  35.41000      44.66000    303.54    13.04       0.00000       0.00000      12.37962       0.02959
  35.41000      44.66000    303.54    13.92       0.00000       0.00000      12.45910       0.11111
  35.41000      44.66000    303.54    13.88       0.00000       0.00000      12.51592       0.11111
  35.41000      44.66000    303.54    13.82       0.00000       0.00000      12.59547       0.11110
  35.41000      44.66000    303.54    13.72       0.00000       0.00000      12.72048       0.02844
  35.41000      44.66000    303.54    14.60       0.00000       0.00000      12.79427       0.05657
  35.41000      44.66000    303.54    15.10       0.00000       0.00000      12.95900       0.01692
  35.41000      44.66000    303.54    16.63       0.00000       0.00000      13.00433       0.02725
  35.41000      44.66000    303.54    16.93       0.00000       0.00000      13.02703       0.11108
  35.41000      44.66000    303.54    16.87       0.00000       0.00000      13.10659       0.02055
  35.41000      44.66000    303.54    17.78       0.00000       0.00000      13.14628       0.11108
  35.41000      44.66000    303.54    17.73       0.00000       0.00000      13.20879       0.03070
  35.41000      44.66000    303.54    18.31       0.00000       0.00000      13.26556       0.04779
  35.41000      44.66000    303.54    18.58       0.00000       0.00000      13.32804       0.03070
  35.41000      44.66000    303.54    19.45       0.00000       0.00000      13.41319       0.11106
  35.41000      44.66000    303.54    19.40       0.00000       0.00000      13.48138       0.02724
  35.41000      44.66000    303.54    20.29       0.00000       0.00000      13.54949       0.02602
  35.41000      44.66000    303.54    21.18       0.00000       0.00000      13.61192       0.02813
  35.41000      44.66000    303.54    22.36       0.00000       0.00000      13.70841       0.02957
  35.41000      44.66000    303.54    23.24       0.00000       0.00000      13.78789       0.01759
  35.41000      44.66000    303.54    26.61       0.00000       0.00000      13.89557       0.02032
  35.41000      44.66000    303.54    28.73       0.00000       0.00000      13.98630       0.01252
  35.41000      44.66000    303.54    31.52       0.00000       0.00000      14.03153       0.01448
  35.41000      44.66000    303.54    34.92       0.00000       0.00000      14.10512       0.01053
  35.41000      44.66000    303.54    40.83       0.00000       0.00000      14.17282       0.01134
  35.41000      44.66000    303.54    48.91       0.00000       0.00000      14.28012       0.01196
  35.41000      44.66000    303.54    53.87       0.00000       0.00000      14.35358       0.01176
  35.41000      44.66000    303.54    58.22       0.00000       0.00000      14.41573       0.01007
  35.41000      44.66000    303.54    64.13       0.00000       0.00000      14.47775       0.01430
  35.41000      44.66000    303.54    68.15       0.00000       0.00000      14.56265       0.01329
  35.41000      44.66000    303.54    71.86       0.00000       0.00000      14.63053       0.01120
  35.41000      44.66000    303.54    76.21       0.00000       0.00000      14.68700       0.01380
  35.41000      44.66000    303.54    80.23       0.00000       0.00000      14.76622       0.01329
  35.41000      44.66000    303.54    83.01       0.00000       0.00000      14.81713       0.01595
  35.41000      44.66000    303.54    85.17       0.00000       0.00000      14.87377       0.02236
  35.41000      44.66000    303.54    86.37       0.00000       0.00000      14.93617       0.03067
  35.41000      44.66000    303.54    86.96       0.00000       0.00000      14.99294       0.06018
  35.41000      44.66000    303.54    87.20       0.00000       0.00000      15.08383       0.04774
  35.41000      44.66000    303.54    87.46       0.00000       0.00000      15.14631       0.02811
  35.41000      44.66000    303.54    88.64       0.00000       0.00000      15.24280       0.02811
  35.41000      44.66000    303.54    89.82       0.00000       0.00000      15.33930       0.03066
  35.41000      44.66000    303.54    90.99       0.00000       0.00000      15.45284       0.02052
  35.41000      44.66000    303.54    92.81       0.00000       0.00000      15.53224       0.03877
  35.41000      44.66000    303.54    93.65       0.00000       0.00000      15.66285       0.01990
  35.41000      44.66000    303.54    95.17       0.00000       0.00000      15.72523       0.03829
  35.41000      44.66000    303.54    95.73       0.00000       0.00000      15.81041       0.01725
  35.41000      44.66000    303.54    97.57       0.00000       0.00000      15.86708       0.02127
  35.41000      44.66000    303.54    99.39       0.00000       0.00000      15.95216       0.01634
  35.41000      44.66000    303.54    101.23       0.00000       0.00000      16.00315       0.01895
  35.41000      44.66000    303.54    103.06       0.00000       0.00000      16.07118       0.01725
  35.41000      44.66000    303.54    104.90       0.00000       0.00000      16.12785       0.01603
  35.41000      44.66000    303.54    107.67       0.00000       0.00000      16.20149       0.01894
  35.41000      44.66000    303.54    109.50       0.00000       0.00000      16.26952       0.01186
  35.41000      44.66000    303.54    112.60       0.00000       0.00000      16.31472       0.01328
  35.41000      44.66000    303.54    115.70       0.00000       0.00000      16.37129       0.01147
  35.41000      44.66000    303.54    119.42       0.00000       0.00000      16.42212       0.01458
  35.41000      44.66000    303.54    122.51       0.00000       0.00000      16.49006       0.01259
  35.41000      44.66000    303.54    125.61       0.00000       0.00000      16.54094       0.01328
  35.41000      44.66000    303.54    128.39       0.00000       0.00000      16.59185       0.01199
  35.41000      44.66000    303.54    131.81       0.00000       0.00000      16.64271       0.01024
  35.41000      44.66000    303.54    134.92       0.00000       0.00000      16.67655       0.01328
  35.41000      44.66000    303.54    136.77       0.00000       0.00000      16.71049       0.01046
  35.41000      44.66000    303.54    139.26       0.00000       0.00000      16.73870       0.01185
  35.41000      44.66000    303.54    140.82       0.00000       0.00000      16.76130       0.00934
  35.41000      44.66000    303.54    143.93       0.00000       0.00000      16.78945       0.00934
  35.41000      44.66000    303.54    145.80       0.00000       0.00000      16.80635       0.00863
  35.41000      44.66000    303.54    147.99       0.00000       0.00000      16.82322       0.00807
  35.41000      44.66000    303.54    150.48       0.00000       0.00000      16.84006       0.01724
  35.41000      44.66000    303.54    151.40       0.00000       0.00000      16.86839       0.01593
  35.41000      44.66000    303.54    153.56       0.00000       0.00000      16.92504       0.01538
  35.41000      44.66000    303.54    155.40       0.00000       0.00000      16.97034       0.01457
  35.41000      44.66000    303.54    156.95       0.00000       0.00000      17.00431       0.00656
  35.41000      44.66000    303.54    159.45       0.00000       0.00000      17.01547       0.00760
  35.41000      44.66000    303.54    162.26       0.00000       0.00000      17.03228       0.01024
  35.41000      44.66000    303.54    165.37       0.00000       0.00000      17.06612       0.01037
  35.41000      44.66000    303.54    169.42       0.00000       0.00000      17.11125       0.01101
  35.41000      44.66000    303.54    173.46       0.00000       0.00000      17.16206       0.01129
  35.41000      44.66000    303.54    176.88       0.00000       0.00000      17.20723       0.00759
  35.41000      44.66000    303.54    179.69       0.00000       0.00000      17.22405       0.00933
  35.41000      44.66000    303.54    181.56       0.00000       0.00000      17.24094       0.01227
  35.41000      44.66000    303.54    183.73       0.00000       0.00000      17.27486       0.00933
  35.41000      44.66000    303.54    185.60       0.00000       0.00000      17.29175       0.01080
  35.41000      44.66000    303.54    188.40       0.00000       0.00000      17.32562       0.00969
  35.41000      44.66000    303.54    192.45       0.00000       0.00000      17.36506       0.00879
  35.41000      44.66000    303.54    198.06       0.00000       0.00000      17.41006       0.00933
  35.41000      44.66000    303.54    202.43       0.00000       0.00000      17.44948       0.01009
  35.41000      44.66000    303.54    206.16       0.00000       0.00000      17.48895       0.00905
  35.41000      44.66000    303.54    211.46       0.00000       0.00000      17.53397       0.01024
  35.41000      44.66000    303.54    214.58       0.00000       0.00000      17.56781       0.00933
  35.41000      44.66000    303.54    218.32       0.00000       0.00000      17.60160       0.00889
  35.41000      44.66000    303.54    221.75       0.00000       0.00000      17.62973       0.01227
  35.41000      44.66000    303.54    226.09       0.00000       0.00000      17.69756       0.00692
  35.41000      44.66000    303.54    237.35       0.00000       0.00000      17.75346       0.00872
  35.41000      44.66000    303.54    242.34       0.00000       0.00000      17.79283       0.00782
  35.41000      44.66000    303.54    247.65       0.00000       0.00000      17.82649       0.00879
  35.41000      44.66000    303.54    253.26       0.00000       0.00000      17.87149       0.00786
  35.41000      44.66000    303.54    257.63       0.00000       0.00000      17.89954       0.00889
  35.41000      44.66000    303.54    261.07       0.00000       0.00000      17.92767       0.00969
  35.41000      44.66000    303.54    265.12       0.00000       0.00000      17.96712       0.00889
  35.41000      44.66000    303.54    268.55       0.00000       0.00000      17.99525       0.00709
  35.41000      44.66000    303.54    276.05       0.00000       0.00000      18.03441       0.00776
  35.41000      44.66000    303.54    283.23       0.00000       0.00000      18.07928       0.00692
  35.41000      44.66000    303.54    288.86       0.00000       0.00000      18.10724       0.00850
  35.41000      44.66000    303.54    296.35       0.00000       0.00000      18.16345       0.00670
  35.41000      44.66000    303.54    303.54       0.00000       0.00000      18.19695       0.00670
